300  0 20 0.00 0.00 0.00     0 0.00 0.00 0.00     0 0.00 0.00 0.00     0 0.002
300  0 20 0.00 0.00 0.00     0 0.00 0.00 0.00     0 0.00 0.00 0.00     0 0.002
937  0 20 0.00 0.00 0.00     0 0.00 0.00 0.00     0 0.00 0.00 0.00     0 0.014
732  0 20 0.00 0.00 0.00     0 0.00 0.00 0.00     0 0.00 0.00 0.00     0 0.039
900  0 20 0.00 0.00 0.00     0 0.00 0.00 0.00     0 0.00 0.00 0.00     0 0.043
687  0 20 0.00 0.00 0.00     0 0.00 0.00 0.00     0 0.00 0.00 0.00     0 0.009
300  0 20 0.00 0.00 0.00     0 0.00 0.00 0.00     0 0.00 0.00 0.00     0 0.006
600  0 20 0.00 0.00 0.00     0 0.00 0.00 0.00     0 0.00 0.00 0.00     0 0.006
300  0 20 0.00 0.00 0.00     0 0.00 0.00 0.00     0 0.00 0.00 0.00     0 0.003
640  0 20 0.00 0.00 0.00     0 0.00 0.00 0.00     0 0.00 0.00 0.00     0 0.008
100  0 20 0.00 0.00 0.00     0 0.00 0.00 0.00     0 0.00 0.00 0.00     0 0.003
300  0 20 0.00 0.00 0.00     0 0.00 0.00 0.00     0 0.00 0.00 0.00     0 0.003
300  0 20 0.00 0.00 0.00     0 0.00 0.00 0.00     0 0.00 0.00 0.00     0 0.029
716  0 20 0.00 0.00 0.00     0 0.00 0.00 0.00     0 0.00 0.00 0.00     0 0.010
400  0 20 0.00 0.00 0.00     0 0.00 0.00 0.00     0 0.00 0.00 0.00     0 0.010
1007  0 20 0.00 0.00 0.00     0 0.00 0.00 0.00     0 0.00 0.00 0.00     0 0.003
600  0 20 0.00 0.00 0.00     0 0.00 0.00 0.00     0 0.00 0.00 0.00     0 0.030
600  0 20 0.00 0.00 0.00     0 0.00 0.00 0.00     0 0.00 0.00 0.00     0 0.033
1011  0 20 0.00 0.00 0.00     0 0.00 0.00 0.00     0 0.00 0.00 0.00     0 0.071
640  0 20 0.00 0.00 0.00     0 0.00 0.00 0.00     0 0.00 0.00 0.00     0 0.018
600  0 20 0.00 0.00 0.00     0 0.00 0.00 0.00     0 0.00 0.00 0.00     0 0.031
300  0 22 0.00 0.00 0.00     0 0.00 0.00 0.00     0 0.00 0.00 0.00     0 0.002
300  0 22 0.00 0.00 0.00     0 0.00 0.00 0.00     0 0.00 0.00 0.00     0 0.002
937  0 22 0.00 0.00 0.00     0 0.00 0.00 0.00     0 0.00 0.00 0.00     0 0.011
732  0 22 0.00 0.00 0.00     0 0.00 0.00 0.00     0 0.00 0.00 0.00     0 0.034
687  0 22 0.00 0.00 0.00     0 0.00 0.00 0.00     0 0.00 0.00 0.00     0 0.013
900  0 22 0.00 0.00 0.00     0 0.00 0.00 0.00     0 0.00 0.00 0.00     0 0.040
300  0 22 0.00 0.00 0.00     0 0.00 0.00 0.00     0 0.00 0.00 0.00     0 0.005
600  0 22 0.00 0.00 0.00     0 0.00 0.00 0.00     0 0.00 0.00 0.00     0 0.005
300  0 22 0.00 0.00 0.00     0 0.00 0.00 0.00     0 0.00 0.00 0.00     0 0.002
640  0 22 0.00 0.00 0.00     0 0.00 0.00 0.00     0 0.00 0.00 0.00     0 0.008
300  0 22 0.00 0.00 0.00     0 0.00 0.00 0.00     0 0.00 0.00 0.00     0 0.026
716  0 22 0.00 0.00 0.00     0 0.00 0.00 0.00     0 0.00 0.00 0.00     0 0.009
100  0 22 0.00 0.00 0.00     0 0.00 0.00 0.00     0 0.00 0.00 0.00     0 0.003
300  0 22 0.00 0.00 0.00     0 0.00 0.00 0.00     0 0.00 0.00 0.00     0 0.003
400  0 22 0.00 0.00 0.00     0 0.00 0.00 0.00     0 0.00 0.00 0.00     0 0.009
1007  0 22 0.00 0.00 0.00     0 0.00 0.00 0.00     0 0.00 0.00 0.00     0 0.002
600  0 22 0.00 0.00 0.00     0 0.00 0.00 0.00     0 0.00 0.00 0.00     0 0.025
1011  0 22 0.00 0.00 0.00     0 0.00 0.00 0.00     0 0.00 0.00 0.00     0 0.051
600  0 22 0.00 0.00 0.00     0 0.00 0.00 0.00     0 0.00 0.00 0.00     0 0.032
600  0 22 0.00 0.00 0.00     0 0.00 0.00 0.00     0 0.00 0.00 0.00     0 0.028
300  0 27 0.00 0.00 0.00     0 0.00 0.00 0.00     0 0.00 0.00 0.00     0 0.002
640  0 22 0.00 0.00 0.00     0 0.00 0.00 0.00     0 0.00 0.00 0.00     0 0.011
300  0 27 0.00 0.00 0.00     0 0.00 0.00 0.00     0 0.00 0.00 0.00     0 0.002
937  0 27 0.00 0.00 0.00     0 0.00 0.00 0.00     0 0.00 0.00 0.00     0 0.009
732  0 27 0.00 0.00 0.00     0 0.00 0.00 0.00     0 0.00 0.00 0.00     0 0.031
687  0 27 0.00 0.00 0.00     0 0.00 0.00 0.00     0 0.00 0.00 0.00     0 0.017
900  0 27 0.00 0.00 0.00     0 0.00 0.00 0.00     0 0.00 0.00 0.00     0 0.040
300  0 27 0.00 0.00 0.00     0 0.00 0.00 0.00     0 0.00 0.00 0.00     0 0.004
600  0 27 0.00 0.00 0.00     0 0.00 0.00 0.00     0 0.00 0.00 0.00     0 0.005
300  0 27 0.00 0.00 0.00     0 0.00 0.00 0.00     0 0.00 0.00 0.00     0 0.002
640  0 27 0.00 0.00 0.00     0 0.00 0.00 0.00     0 0.00 0.00 0.00     0 0.006
100  0 27 0.00 0.00 0.00     0 0.00 0.00 0.00     0 0.00 0.00 0.00     0 0.003
300  0 27 0.00 0.00 0.00     0 0.00 0.00 0.00     0 0.00 0.00 0.00     0 0.020
716  0 27 0.00 0.00 0.00     0 0.00 0.00 0.00     0 0.00 0.00 0.00     0 0.007
300  0 27 0.00 0.00 0.00     0 0.00 0.00 0.00     0 0.00 0.00 0.00     0 0.002
400  0 27 0.00 0.00 0.00     0 0.00 0.00 0.00     0 0.00 0.00 0.00     0 0.006
1007  0 27 0.00 0.00 0.00     0 0.00 0.00 0.00     0 0.00 0.00 0.00     0 0.002
600  0 27 0.00 0.00 0.00     0 0.00 0.00 0.00     0 0.00 0.00 0.00     0 0.044
600  0 27 0.00 0.00 0.00     0 0.00 0.00 0.00     0 0.00 0.00 0.00     0 0.046
1011  0 27 0.00 0.00 0.00     0 0.00 0.00 0.00     0 0.00 0.00 0.00     0 0.043
640  0 27 0.00 0.00 0.00     0 0.00 0.00 0.00     0 0.00 0.00 0.00     0 0.016
600  0 27 0.00 0.00 0.00     0 0.00 0.00 0.00     0 0.00 0.00 0.00     0 0.030
300  0 32 0.00 0.00 0.00     0 0.00 0.00 0.00     0 0.00 0.00 0.00     0 0.001
300  0 32 0.00 0.00 0.00     0 0.00 0.00 0.00     0 0.00 0.00 0.00     0 0.002
937  0 32 0.00 0.00 0.00     0 0.00 0.00 0.00     0 0.00 0.00 0.00     0 0.007
732  0 32 0.00 0.00 0.00     0 0.00 0.00 0.00     0 0.00 0.00 0.00     0 0.032
900  0 32 0.00 0.00 0.00     0 0.00 0.00 0.00     0 0.00 0.00 0.00     0 0.033
687  0 32 0.00 0.00 0.00     0 0.00 0.00 0.00     0 0.00 0.00 0.00     0 0.010
300  0 32 0.00 0.00 0.00     0 0.00 0.00 0.00     0 0.00 0.00 0.00     0 0.003
600  0 32 0.00 0.00 0.00     0 0.00 0.00 0.00     0 0.00 0.00 0.00     0 0.004
300  0 32 0.00 0.00 0.00     0 0.00 0.00 0.00     0 0.00 0.00 0.00     0 0.002
640  0 32 0.00 0.00 0.00     0 0.00 0.00 0.00     0 0.00 0.00 0.00     0 0.006
716  0 32 0.00 0.00 0.00     0 0.00 0.00 0.00     0 0.00 0.00 0.00     0 0.006
100  0 32 0.00 0.00 0.00     0 0.00 0.00 0.00     0 0.00 0.00 0.00     0 0.002
300  0 32 0.00 0.00 0.00     0 0.00 0.00 0.00     0 0.00 0.00 0.00     0 0.017
300  0 32 0.00 0.00 0.00     0 0.00 0.00 0.00     0 0.00 0.00 0.00     0 0.002
400  0 32 0.00 0.00 0.00     0 0.00 0.00 0.00     0 0.00 0.00 0.00     0 0.006
1007  0 32 0.00 0.00 0.00     0 0.00 0.00 0.00     0 0.00 0.00 0.00     0 0.002
600  0 32 0.00 0.00 0.00     0 0.00 0.00 0.00     0 0.00 0.00 0.00     0 0.028
1011  0 32 0.00 0.00 0.00     0 0.00 0.00 0.00     0 0.00 0.00 0.00     0 0.028
600  0 32 0.00 0.00 0.00     0 0.00 0.00 0.00     0 0.00 0.00 0.00     0 0.020
640  0 32 0.00 0.00 0.00     0 0.00 0.00 0.00     0 0.00 0.00 0.00     0 0.019
600  0 32 0.00 0.00 0.00     0 0.00 0.00 0.00     0 0.00 0.00 0.00     0 0.030
300  0 37 0.00 0.00 0.00     0 0.00 0.00 0.00     0 0.00 0.00 0.00     0 0.001
300  0 37 0.00 0.00 0.00     0 0.00 0.00 0.00     0 0.00 0.00 0.00     0 0.002
937  0 37 0.00 0.00 0.00     0 0.00 0.00 0.00     0 0.00 0.00 0.00     0 0.011
732  0 37 0.00 0.00 0.00     0 0.00 0.00 0.00     0 0.00 0.00 0.00     0 0.034
900  0 37 0.00 0.00 0.00     0 0.00 0.00 0.00     0 0.00 0.00 0.00     0 0.030
687  0 37 0.00 0.00 0.00     0 0.00 0.00 0.00     0 0.00 0.00 0.00     0 0.006
300  0 37 0.00 0.00 0.00     0 0.00 0.00 0.00     0 0.00 0.00 0.00     0 0.002
600  0 37 0.00 0.00 0.00     0 0.00 0.00 0.00     0 0.00 0.00 0.00     0 0.004
640  0 37 0.00 0.00 0.00     0 0.00 0.00 0.00     0 0.00 0.00 0.00     0 0.005
300  0 37 0.00 0.00 0.00     0 0.00 0.00 0.00     0 0.00 0.00 0.00     0 0.002
300  0 37 0.00 0.00 0.00     0 0.00 0.00 0.00     0 0.00 0.00 0.00     0 0.015
100  0 37 0.00 0.00 0.00     0 0.00 0.00 0.00     0 0.00 0.00 0.00     0 0.002
716  0 37 0.00 0.00 0.00     0 0.00 0.00 0.00     0 0.00 0.00 0.00     0 0.005
300  0 37 0.00 0.00 0.00     0 0.00 0.00 0.00     0 0.00 0.00 0.00     0 0.002
400  0 37 0.00 0.00 0.00     0 0.00 0.00 0.00     0 0.00 0.00 0.00     0 0.005
1007  0 37 0.00 0.00 0.00     0 0.00 0.00 0.00     0 0.00 0.00 0.00     0 0.002
600  0 37 0.00 0.00 0.00     0 0.00 0.00 0.00     0 0.00 0.00 0.00     0 0.028
1011  0 37 0.00 0.00 0.00     0 0.00 0.00 0.00     0 0.00 0.00 0.00     0 0.049
600  0 37 0.00 0.00 0.00     0 0.00 0.00 0.00     0 0.00 0.00 0.00     0 0.042
600  0 37 0.00 0.00 0.00     0 0.00 0.00 0.00     0 0.00 0.00 0.00     0 0.027
640  0 37 0.00 0.00 0.00     0 0.00 0.00 0.00     0 0.00 0.00 0.00     0 0.007
300  0 42 0.00 0.00 0.00     0 0.00 0.00 0.00     0 0.00 0.00 0.00     0 0.001
300  0 42 0.00 0.00 0.00     0 0.00 0.00 0.00     0 0.00 0.00 0.00     0 0.002
937  0 42 0.00 0.00 0.00     0 0.00 0.00 0.00     0 0.00 0.00 0.00     0 0.006
732  0 42 0.00 0.00 0.00     0 0.00 0.00 0.00     0 0.00 0.00 0.00     0 0.031
687  0 42 0.00 0.00 0.00     0 0.00 0.00 0.00     0 0.00 0.00 0.00     0 0.005
900  0 42 0.00 0.00 0.00     0 0.00 0.00 0.00     0 0.00 0.00 0.00     0 0.033
300  0 42 0.00 0.00 0.00     0 0.00 0.00 0.00     0 0.00 0.00 0.00     0 0.002
600  0 42 0.00 0.00 0.00     0 0.00 0.00 0.00     0 0.00 0.00 0.00     0 0.004
640  0 42 0.00 0.00 0.00     0 0.00 0.00 0.00     0 0.00 0.00 0.00     0 0.005
300  0 42 0.00 0.00 0.00     0 0.00 0.00 0.00     0 0.00 0.00 0.00     0 0.001
300  0 42 0.00 0.00 0.00     0 0.00 0.00 0.00     0 0.00 0.00 0.00     0 0.019
716  0 42 0.00 0.00 0.00     0 0.00 0.00 0.00     0 0.00 0.00 0.00     0 0.008
100  0 42 0.00 0.00 0.00     0 0.00 0.00 0.00     0 0.00 0.00 0.00     0 0.002
300  0 42 0.00 0.00 0.00     0 0.00 0.00 0.00     0 0.00 0.00 0.00     0 0.002
400  0 42 0.00 0.00 0.00     0 0.00 0.00 0.00     0 0.00 0.00 0.00     0 0.005
1007  0 42 0.00 0.00 0.00     0 0.00 0.00 0.00     0 0.00 0.00 0.00     0 0.001
600  0 42 0.00 0.00 0.00     0 0.00 0.00 0.00     0 0.00 0.00 0.00     0 0.030
1011  0 42 0.00 0.00 0.00     0 0.00 0.00 0.00     0 0.00 0.00 0.00     0 0.030
600  0 42 0.00 0.00 0.00     0 0.00 0.00 0.00     0 0.00 0.00 0.00     0 0.020
600  0 42 0.00 0.00 0.00     0 0.00 0.00 0.00     0 0.00 0.00 0.00     0 0.031
640  0 42 0.00 0.00 0.00     0 0.00 0.00 0.00     0 0.00 0.00 0.00     0 0.022
300  0 24 0.00 0.00 0.00     0 0.00 0.00 0.00     0 0.00 0.00 0.00     0 0.002
300  0 12 0.00 0.00 0.00     0 0.00 0.00 0.00     0 0.00 0.00 0.00     0 0.002
937  0 26 0.00 0.00 0.00     0 0.00 0.00 0.00     0 0.00 0.00 0.00     0 0.007
732  0 41 0.00 0.00 0.00     0 0.00 0.00 0.00     0 0.00 0.00 0.00     0 0.030
687  0 33 0.00 0.00 0.00     0 0.00 0.00 0.00     0 0.00 0.00 0.00     0 0.023
900  0 51 0.00 0.00 0.00     0 0.00 0.00 0.00     0 0.00 0.00 0.00     0 0.041
300  0 30 0.00 0.00 0.00     0 0.00 0.00 0.00     0 0.00 0.00 0.00     0 0.003
600  0 45 0.00 0.00 0.00     0 0.00 0.00 0.00     0 0.00 0.00 0.00     0 0.004
640  0 51 0.00 0.00 0.00     0 0.00 0.00 0.00     0 0.00 0.00 0.00     0 0.005
300  0 22 0.00 0.00 0.00     0 0.00 0.00 0.00     0 0.00 0.00 0.00     0 0.002
100  0 38 0.00 0.00 0.00     0 0.00 0.00 0.00     0 0.00 0.00 0.00     0 0.002
300  0 40 0.00 0.00 0.00     0 0.00 0.00 0.00     0 0.00 0.00 0.00     0 0.015
716  0 32 0.00 0.00 0.00     0 0.00 0.00 0.00     0 0.00 0.00 0.00     0 0.005
300  0 30 0.00 0.00 0.00     0 0.00 0.00 0.00     0 0.00 0.00 0.00     0 0.002
400  0 33 0.00 0.00 0.00     0 0.00 0.00 0.00     0 0.00 0.00 0.00     0 0.006
1007  0 28 0.00 0.00 0.00     0 0.00 0.00 0.00     0 0.00 0.00 0.00     0 0.002
600  0 40 0.00 0.00 0.00     0 0.00 0.00 0.00     0 0.00 0.00 0.00     0 0.031
1011  0 48 0.00 0.00 0.00     0 0.00 0.00 0.00     0 0.00 0.00 0.00     0 0.051
600  0 35 0.00 0.00 0.00     0 0.00 0.00 0.00     0 0.00 0.00 0.00     0 0.046
600  0 35 0.00 0.00 0.00     0 0.00 0.00 0.00     0 0.00 0.00 0.00     0 0.025
300  0 22 0.00 0.00 0.00     0 0.00 0.00 0.00     0 0.00 0.00 0.00     0 0.002
640  0 36 0.00 0.00 0.00     0 0.00 0.00 0.00     0 0.00 0.00 0.00     0 0.006
300  0 12 0.00 0.00 0.00     0 0.00 0.00 0.00     0 0.00 0.00 0.00     0 0.002
937  0 22 0.00 0.00 0.00     0 0.00 0.00 0.00     0 0.00 0.00 0.00     0 0.007
732  0 38 0.00 0.00 0.00     0 0.00 0.00 0.00     0 0.00 0.00 0.00     0 0.032
900  0 45 0.00 0.00 0.00     0 0.00 0.00 0.00     0 0.00 0.00 0.00     0 0.035
687  0 30 0.00 0.00 0.00     0 0.00 0.00 0.00     0 0.00 0.00 0.00     0 0.008
300  0 31 0.00 0.00 0.00     0 0.00 0.00 0.00     0 0.00 0.00 0.00     0 0.003
600  0 41 0.00 0.00 0.00     0 0.00 0.00 0.00     0 0.00 0.00 0.00     0 0.005
300  0 24 0.00 0.00 0.00     0 0.00 0.00 0.00     0 0.00 0.00 0.00     0 0.003
640  0 51 0.00 0.00 0.00     0 0.00 0.00 0.00     0 0.00 0.00 0.00     0 0.006
716  0 30 0.00 0.00 0.00     0 0.00 0.00 0.00     0 0.00 0.00 0.00     0 0.005
100  0 33 0.00 0.00 0.00     0 0.00 0.00 0.00     0 0.00 0.00 0.00     0 0.002
300  0 27 0.00 0.00 0.00     0 0.00 0.00 0.00     0 0.00 0.00 0.00     0 0.003
400  0 33 0.00 0.00 0.00     0 0.00 0.00 0.00     0 0.00 0.00 0.00     0 0.006
300  0 36 0.00 0.00 0.00     0 0.00 0.00 0.00     0 0.00 0.00 0.00     0 0.016
1007  0 25 0.00 0.00 0.00     0 0.00 0.00 0.00     0 0.00 0.00 0.00     0 0.002
600  0 36 0.00 0.00 0.00     0 0.00 0.00 0.00     0 0.00 0.00 0.00     0 0.045
600  0 32 0.00 0.00 0.00     0 0.00 0.00 0.00     0 0.00 0.00 0.00     0 0.049
1011  0 40 0.00 0.00 0.00     0 0.00 0.00 0.00     0 0.00 0.00 0.00     0 0.038
640  0 32 0.00 0.00 0.00     0 0.00 0.00 0.00     0 0.00 0.00 0.00     0 0.013
600  0 32 0.00 0.00 0.00     0 0.00 0.00 0.00     0 0.00 0.00 0.00     0 0.030
300  0 17 0.00 0.00 0.00     0 0.00 0.00 0.00     0 0.00 0.00 0.00     0 0.002
300  0 12 0.00 0.00 0.00     0 0.00 0.00 0.00     0 0.00 0.00 0.00     0 0.002
937  0 20 0.00 0.00 0.00     0 0.00 0.00 0.00     0 0.00 0.00 0.00     0 0.007
732  0 35 0.00 0.00 0.00     0 0.00 0.00 0.00     0 0.00 0.00 0.00     0 0.031
900  0 44 0.00 0.00 0.00     0 0.00 0.00 0.00     0 0.00 0.00 0.00     0 0.032
687  0 27 0.00 0.00 0.00     0 0.00 0.00 0.00     0 0.00 0.00 0.00     0 0.006
300  0 31 0.00 0.00 0.00     0 0.00 0.00 0.00     0 0.00 0.00 0.00     0 0.003
600  0 39 0.00 0.00 0.00     0 0.00 0.00 0.00     0 0.00 0.00 0.00     0 0.005
640  0 49 0.00 0.00 0.00     0 0.00 0.00 0.00     0 0.00 0.00 0.00     0 0.006
300  0 22 0.00 0.00 0.00     0 0.00 0.00 0.00     0 0.00 0.00 0.00     0 0.003
300  0 34 0.00 0.00 0.00     0 0.00 0.00 0.00     0 0.00 0.00 0.00     0 0.016
716  0 27 0.00 0.00 0.00     0 0.00 0.00 0.00     0 0.00 0.00 0.00     0 0.005
100  0 29 0.00 0.00 0.00     0 0.00 0.00 0.00     0 0.00 0.00 0.00     0 0.003
300  0 28 0.00 0.00 0.00     0 0.00 0.00 0.00     0 0.00 0.00 0.00     0 0.003
400  0 32 0.00 0.00 0.00     0 0.00 0.00 0.00     0 0.00 0.00 0.00     0 0.007
1007  0 22 0.00 0.00 0.00     0 0.00 0.00 0.00     0 0.00 0.00 0.00     0 0.002
600  0 34 0.00 0.00 0.00     0 0.00 0.00 0.00     0 0.00 0.00 0.00     0 0.032
600  0 32 0.00 0.00 0.00     0 0.00 0.00 0.00     0 0.00 0.00 0.00     0 0.047
1011  0 38 0.00 0.00 0.00     0 0.00 0.00 0.00     0 0.00 0.00 0.00     0 0.038
640  0 29 0.00 0.00 0.00     0 0.00 0.00 0.00     0 0.00 0.00 0.00     0 0.008
600  0 31 0.00 0.00 0.00     0 0.00 0.00 0.00     0 0.00 0.00 0.00     0 0.025
300  0 12 0.00 0.00 0.00     0 0.00 0.00 0.00     0 0.00 0.00 0.00     0 0.002
300  0 12 0.00 0.00 0.00     0 0.00 0.00 0.00     0 0.00 0.00 0.00     0 0.003
937  0 20 0.00 0.00 0.00     0 0.00 0.00 0.00     0 0.00 0.00 0.00     0 0.008
732  0 33 0.00 0.00 0.00     0 0.00 0.00 0.00     0 0.00 0.00 0.00     0 0.032
900  0 42 0.00 0.00 0.00     0 0.00 0.00 0.00     0 0.00 0.00 0.00     0 0.034
687  0 25 0.00 0.00 0.00     0 0.00 0.00 0.00     0 0.00 0.00 0.00     0 0.009
300  0 27 0.00 0.00 0.00     0 0.00 0.00 0.00     0 0.00 0.00 0.00     0 0.004
600  0 34 0.00 0.00 0.00     0 0.00 0.00 0.00     0 0.00 0.00 0.00     0 0.005
640  0 44 0.00 0.00 0.00     0 0.00 0.00 0.00     0 0.00 0.00 0.00     0 0.006
300  0 20 0.00 0.00 0.00     0 0.00 0.00 0.00     0 0.00 0.00 0.00     0 0.003
716  0 25 0.00 0.00 0.00     0 0.00 0.00 0.00     0 0.00 0.00 0.00     0 0.006
100  0 30 0.00 0.00 0.00     0 0.00 0.00 0.00     0 0.00 0.00 0.00     0 0.003
300  0 22 0.00 0.00 0.00     0 0.00 0.00 0.00     0 0.00 0.00 0.00     0 0.003
400  0 35 0.00 0.00 0.00     0 0.00 0.00 0.00     0 0.00 0.00 0.00     0 0.012
300  0 31 0.00 0.00 0.00     0 0.00 0.00 0.00     0 0.00 0.00 0.00     0 0.023
1007  0 20 0.00 0.00 0.00     0 0.00 0.00 0.00     0 0.00 0.00 0.00     0 0.005
600  0 32 0.00 0.00 0.00     0 0.00 0.00 0.00     0 0.00 0.00 0.00     0 0.030
1011  0 41 0.00 0.00 0.00     0 0.00 0.00 0.00     0 0.00 0.00 0.00     0 0.034
600  0 28 0.00 0.00 0.00     0 0.00 0.00 0.00     0 0.00 0.00 0.00     0 0.024
600  0 28 0.00 0.00 0.00     0 0.00 0.00 0.00     0 0.00 0.00 0.00     0 0.026
640  0 26 0.00 0.00 0.00     0 0.00 0.00 0.00     0 0.00 0.00 0.00     0 0.008
300  0 12 0.00 0.00 0.00     0 0.00 0.00 0.00     0 0.00 0.00 0.00     0 0.002
300  0 12 0.00 0.00 0.00     0 0.00 0.00 0.00     0 0.00 0.00 0.00     0 0.003
937  0 20 0.00 0.00 0.00     0 0.00 0.00 0.00     0 0.00 0.00 0.00     0 0.009
732  0 29 0.00 0.00 0.00     0 0.00 0.00 0.00     0 0.00 0.00 0.00     0 0.031
687  0 23 0.00 0.00 0.00     0 0.00 0.00 0.00     0 0.00 0.00 0.00     0 0.016
900  0 40 0.00 0.00 0.00     0 0.00 0.00 0.00     0 0.00 0.00 0.00     0 0.037
300  0 25 0.00 0.00 0.00     0 0.00 0.00 0.00     0 0.00 0.00 0.00     0 0.004
600  0 31 0.00 0.00 0.00     0 0.00 0.00 0.00     0 0.00 0.00 0.00     0 0.006
300  0 17 0.00 0.00 0.00     0 0.00 0.00 0.00     0 0.00 0.00 0.00     0 0.003
640  0 41 0.00 0.00 0.00     0 0.00 0.00 0.00     0 0.00 0.00 0.00     0 0.007
300  0 30 0.00 0.00 0.00     0 0.00 0.00 0.00     0 0.00 0.00 0.00     0 0.018
100  0 21 0.00 0.00 0.00     0 0.00 0.00 0.00     0 0.00 0.00 0.00     0 0.003
716  0 23 0.00 0.00 0.00     0 0.00 0.00 0.00     0 0.00 0.00 0.00     0 0.006
300  0 18 0.00 0.00 0.00     0 0.00 0.00 0.00     0 0.00 0.00 0.00     0 0.003
400  0 32 0.00 0.00 0.00     0 0.00 0.00 0.00     0 0.00 0.00 0.00     0 0.008
1007  0 12 0.00 0.00 0.00     0 0.00 0.00 0.00     0 0.00 0.00 0.00     0 0.003
600  0 27 0.00 0.00 0.00     0 0.00 0.00 0.00     0 0.00 0.00 0.00     0 0.048
600  0 30 0.00 0.00 0.00     0 0.00 0.00 0.00     0 0.00 0.00 0.00     0 0.050
1011  0 38 0.00 0.00 0.00     0 0.00 0.00 0.00     0 0.00 0.00 0.00     0 0.041
640  0 25 0.00 0.00 0.00     0 0.00 0.00 0.00     0 0.00 0.00 0.00     0 0.017
600  0 28 0.00 0.00 0.00     0 0.00 0.00 0.00     0 0.00 0.00 0.00     0 0.030
300  0 12 0.00 0.00 0.00     0 0.00 0.00 0.00     0 0.00 0.00 0.00     0 0.002
300  0 12 0.00 0.00 0.00     0 0.00 0.00 0.00     0 0.00 0.00 0.00     0 0.003
937  0 18 0.00 0.00 0.00     0 0.00 0.00 0.00     0 0.00 0.00 0.00     0 0.010
732  0 26 0.00 0.00 0.00     0 0.00 0.00 0.00     0 0.00 0.00 0.00     0 0.032
687  0 20 0.00 0.00 0.00     0 0.00 0.00 0.00     0 0.00 0.00 0.00     0 0.024
900  0 37 0.00 0.00 0.00     0 0.00 0.00 0.00     0 0.00 0.00 0.00     0 0.038
300  0 23 0.00 0.00 0.00     0 0.00 0.00 0.00     0 0.00 0.00 0.00     0 0.005
600  0 29 0.00 0.00 0.00     0 0.00 0.00 0.00     0 0.00 0.00 0.00     0 0.006
640  0 38 0.00 0.00 0.00     0 0.00 0.00 0.00     0 0.00 0.00 0.00     0 0.007
300  0 12 0.00 0.00 0.00     0 0.00 0.00 0.00     0 0.00 0.00 0.00     0 0.003
300  0 28 0.00 0.00 0.00     0 0.00 0.00 0.00     0 0.00 0.00 0.00     0 0.020
716  0 21 0.00 0.00 0.00     0 0.00 0.00 0.00     0 0.00 0.00 0.00     0 0.008
100  0 18 0.00 0.00 0.00     0 0.00 0.00 0.00     0 0.00 0.00 0.00     0 0.003
300  0 12 0.00 0.00 0.00     0 0.00 0.00 0.00     0 0.00 0.00 0.00     0 0.003
400  0 29 0.00 0.00 0.00     0 0.00 0.00 0.00     0 0.00 0.00 0.00     0 0.009
1007  0 12 0.00 0.00 0.00     0 0.00 0.00 0.00     0 0.00 0.00 0.00     0 0.003
600  0 26 0.00 0.00 0.00     0 0.00 0.00 0.00     0 0.00 0.00 0.00     0 0.059
600  0 24 0.00 0.00 0.00     0 0.00 0.00 0.00     0 0.00 0.00 0.00     0 0.063
1011  0 35 0.00 0.00 0.00     0 0.00 0.00 0.00     0 0.00 0.00 0.00     0 0.050
300  0 12 0.00 0.00 0.00     0 0.00 0.00 0.00     0 0.00 0.00 0.00     0 0.002
640  0 22 0.00 0.00 0.00     0 0.00 0.00 0.00     0 0.00 0.00 0.00     0 0.020
600  0 26 0.00 0.00 0.00     0 0.00 0.00 0.00     0 0.00 0.00 0.00     0 0.036
937  0 18 0.00 0.00 0.00     0 0.00 0.00 0.00     0 0.00 0.00 0.00     0 0.012
300  0 12 0.00 0.00 0.00     0 0.00 0.00 0.00     0 0.00 0.00 0.00     0 0.003
732  0 25 0.00 0.00 0.00     0 0.00 0.00 0.00     0 0.00 0.00 0.00     0 0.035
900  0 36 0.00 0.00 0.00     0 0.00 0.00 0.00     0 0.00 0.00 0.00     0 0.035
687  0 19 0.00 0.00 0.00     0 0.00 0.00 0.00     0 0.00 0.00 0.00     0 0.008
300  0 21 0.00 0.00 0.00     0 0.00 0.00 0.00     0 0.00 0.00 0.00     0 0.005
600  0 26 0.00 0.00 0.00     0 0.00 0.00 0.00     0 0.00 0.00 0.00     0 0.006
640  0 34 0.00 0.00 0.00     0 0.00 0.00 0.00     0 0.00 0.00 0.00     0 0.008
300  0 12 0.00 0.00 0.00     0 0.00 0.00 0.00     0 0.00 0.00 0.00     0 0.003
100  0 13 0.00 0.00 0.00     0 0.00 0.00 0.00     0 0.00 0.00 0.00     0 0.004
300  0 27 0.00 0.00 0.00     0 0.00 0.00 0.00     0 0.00 0.00 0.00     0 0.021
716  0 19 0.00 0.00 0.00     0 0.00 0.00 0.00     0 0.00 0.00 0.00     0 0.008
300  0 12 0.00 0.00 0.00     0 0.00 0.00 0.00     0 0.00 0.00 0.00     0 0.003
400  0 26 0.00 0.00 0.00     0 0.00 0.00 0.00     0 0.00 0.00 0.00     0 0.009
1007  0 12 0.00 0.00 0.00     0 0.00 0.00 0.00     0 0.00 0.00 0.00     0 0.003
600  0 24 0.00 0.00 0.00     0 0.00 0.00 0.00     0 0.00 0.00 0.00     0 0.041
600  0 24 0.00 0.00 0.00     0 0.00 0.00 0.00     0 0.00 0.00 0.00     0 0.058
1011  0 32 0.00 0.00 0.00     0 0.00 0.00 0.00     0 0.00 0.00 0.00     0 0.065
600  0 25 0.00 0.00 0.00     0 0.00 0.00 0.00     0 0.00 0.00 0.00     0 0.028
640  0 20 0.00 0.00 0.00     0 0.00 0.00 0.00     0 0.00 0.00 0.00     0 0.011
300  0 24 0.00 0.00 0.00     0 0.00 0.00 0.00     0 0.00 0.00 0.00     0 0.002
300  0 12 0.00 0.00 0.00     0 0.00 0.00 0.00     0 0.00 0.00 0.00     0 0.002
937  0 26 0.00 0.00 0.00     0 0.00 0.00 0.00     0 0.00 0.00 0.00     0 0.006
687  0 33 0.00 0.00 0.00     0 0.00 0.00 0.00     0 0.00 0.00 0.00     0 0.007
300  0 22 0.00 0.00 0.00     0 0.00 0.00 0.00     0 0.00 0.00 0.00     0 0.002
300  0 17 0.00 0.00 0.00     0 0.00 0.00 0.00     0 0.00 0.00 0.00     0 0.002
300  0 24 0.00 0.00 0.00     0 0.00 0.00 0.00     0 0.00 0.00 0.00     0 0.002
300  0 12 0.00 0.00 0.00     0 0.00 0.00 0.00     0 0.00 0.00 0.00     0 0.002
300  0 12 0.00 0.00 0.00     0 0.00 0.00 0.00     0 0.00 0.00 0.00     0 0.002
300  0 12 0.00 0.00 0.00     0 0.00 0.00 0.00     0 0.00 0.00 0.00     0 0.002
300  0 12 0.00 0.00 0.00     0 0.00 0.00 0.00     0 0.00 0.00 0.00     0 0.002
300  0 24 0.00 0.00 0.00     0 0.00 0.00 0.00     0 0.00 0.00 0.00     0 0.002
300  0 22 0.00 0.00 0.00     0 0.00 0.00 0.00     0 0.00 0.00 0.00     0 0.002
300  0 17 0.00 0.00 0.00     0 0.00 0.00 0.00     0 0.00 0.00 0.00     0 0.002
300  0 12 0.00 0.00 0.00     0 0.00 0.00 0.00     0 0.00 0.00 0.00     0 0.002
300  0 12 0.00 0.00 0.00     0 0.00 0.00 0.00     0 0.00 0.00 0.00     0 0.002
300  0 12 0.00 0.00 0.00     0 0.00 0.00 0.00     0 0.00 0.00 0.00     0 0.002
300  0 12 0.00 0.00 0.00     0 0.00 0.00 0.00     0 0.00 0.00 0.00     0 0.002
300  0 24 0.00 0.00 0.00     0 0.00 0.00 0.00     0 0.00 0.00 0.00     0 0.002
300  0 22 0.00 0.00 0.00     0 0.00 0.00 0.00     0 0.00 0.00 0.00     0 0.002
300  0 17 0.00 0.00 0.00     0 0.00 0.00 0.00     0 0.00 0.00 0.00     0 0.002
300  0 12 0.00 0.00 0.00     0 0.00 0.00 0.00     0 0.00 0.00 0.00     0 0.002
300  0 12 0.00 0.00 0.00     0 0.00 0.00 0.00     0 0.00 0.00 0.00     0 0.002
300  0 12 0.00 0.00 0.00     0 0.00 0.00 0.00     0 0.00 0.00 0.00     0 0.002
300  0 12 0.00 0.00 0.00     0 0.00 0.00 0.00     0 0.00 0.00 0.00     0 0.002
300  0 12 0.00 0.00 0.00     0 0.00 0.00 0.00     0 0.00 0.00 0.00     0 0.002
300  0 12 0.00 0.00 0.00     0 0.00 0.00 0.00     0 0.00 0.00 0.00     0 0.002
300  0 12 0.00 0.00 0.00     0 0.00 0.00 0.00     0 0.00 0.00 0.00     0 0.002
300  0 12 0.00 0.00 0.00     0 0.00 0.00 0.00     0 0.00 0.00 0.00     0 0.003
300  0 12 0.00 0.00 0.00     0 0.00 0.00 0.00     0 0.00 0.00 0.00     0 0.003
300  0 12 0.00 0.00 0.00     0 0.00 0.00 0.00     0 0.00 0.00 0.00     0 0.003
300  0 12 0.00 0.00 0.00     0 0.00 0.00 0.00     0 0.00 0.00 0.00     0 0.003
732  0 41 0.00 0.00 0.00     0 0.00 0.00 0.00     0 0.00 0.00 0.00     0 0.051
732  0 38 0.00 0.00 0.00     0 0.00 0.00 0.00     0 0.00 0.00 0.00     0 0.057
732  0 35 0.00 0.00 0.00     0 0.00 0.00 0.00     0 0.00 0.00 0.00     0 0.059
732  0 33 0.00 0.00 0.00     0 0.00 0.00 0.00     0 0.00 0.00 0.00     0 0.048
732  0 29 0.00 0.00 0.00     0 0.00 0.00 0.00     0 0.00 0.00 0.00     0 0.053
732  0 26 0.00 0.00 0.00     0 0.00 0.00 0.00     0 0.00 0.00 0.00     0 0.057
732  0 25 0.00 0.00 0.00     0 0.00 0.00 0.00     0 0.00 0.00 0.00     0 0.020
900  0 51 0.00 0.00 0.00     0 0.00 0.00 0.00     0 0.00 0.00 0.00     0 0.050
900  0 45 0.00 0.00 0.00     0 0.00 0.00 0.00     0 0.00 0.00 0.00     0 0.054
900  0 44 0.00 0.00 0.00     0 0.00 0.00 0.00     0 0.00 0.00 0.00     0 0.057
900  0 42 0.00 0.00 0.00     0 0.00 0.00 0.00     0 0.00 0.00 0.00     0 0.049
900  0 40 0.00 0.00 0.00     0 0.00 0.00 0.00     0 0.00 0.00 0.00     0 0.055
900  0 37 0.00 0.00 0.00     0 0.00 0.00 0.00     0 0.00 0.00 0.00     0 0.058
900  0 36 0.00 0.00 0.00     0 0.00 0.00 0.00     0 0.00 0.00 0.00     0 0.023
687  0 33 0.00 0.00 0.00     0 0.00 0.00 0.00     0 0.00 0.00 0.00     0 0.010
687  0 30 0.00 0.00 0.00     0 0.00 0.00 0.00     0 0.00 0.00 0.00     0 0.013
687  0 27 0.00 0.00 0.00     0 0.00 0.00 0.00     0 0.00 0.00 0.00     0 0.013
687  0 25 0.00 0.00 0.00     0 0.00 0.00 0.00     0 0.00 0.00 0.00     0 0.010
687  0 23 0.00 0.00 0.00     0 0.00 0.00 0.00     0 0.00 0.00 0.00     0 0.011
687  0 20 0.00 0.00 0.00     0 0.00 0.00 0.00     0 0.00 0.00 0.00     0 0.012
687  0 19 0.00 0.00 0.00     0 0.00 0.00 0.00     0 0.00 0.00 0.00     0 0.008
300  0 30 0.00 0.00 0.00     0 0.00 0.00 0.00     0 0.00 0.00 0.00     0 0.003
300  0 31 0.00 0.00 0.00     0 0.00 0.00 0.00     0 0.00 0.00 0.00     0 0.003
300  0 31 0.00 0.00 0.00     0 0.00 0.00 0.00     0 0.00 0.00 0.00     0 0.004
300  0 27 0.00 0.00 0.00     0 0.00 0.00 0.00     0 0.00 0.00 0.00     0 0.004
300  0 25 0.00 0.00 0.00     0 0.00 0.00 0.00     0 0.00 0.00 0.00     0 0.004
300  0 23 0.00 0.00 0.00     0 0.00 0.00 0.00     0 0.00 0.00 0.00     0 0.005
300  0 21 0.00 0.00 0.00     0 0.00 0.00 0.00     0 0.00 0.00 0.00     0 0.005
600  0 45 0.00 0.00 0.00     0 0.00 0.00 0.00     0 0.00 0.00 0.00     0 0.008
600  0 41 0.00 0.00 0.00     0 0.00 0.00 0.00     0 0.00 0.00 0.00     0 0.009
600  0 39 0.00 0.00 0.00     0 0.00 0.00 0.00     0 0.00 0.00 0.00     0 0.010
600  0 34 0.00 0.00 0.00     0 0.00 0.00 0.00     0 0.00 0.00 0.00     0 0.006
600  0 31 0.00 0.00 0.00     0 0.00 0.00 0.00     0 0.00 0.00 0.00     0 0.006
600  0 29 0.00 0.00 0.00     0 0.00 0.00 0.00     0 0.00 0.00 0.00     0 0.006
600  0 26 0.00 0.00 0.00     0 0.00 0.00 0.00     0 0.00 0.00 0.00     0 0.006
640  0 51 0.00 0.00 0.00     0 0.00 0.00 0.00     0 0.00 0.00 0.00     0 0.009
640  0 51 0.00 0.00 0.00     0 0.00 0.00 0.00     0 0.00 0.00 0.00     0 0.010
640  0 49 0.00 0.00 0.00     0 0.00 0.00 0.00     0 0.00 0.00 0.00     0 0.010
640  0 44 0.00 0.00 0.00     0 0.00 0.00 0.00     0 0.00 0.00 0.00     0 0.006
640  0 41 0.00 0.00 0.00     0 0.00 0.00 0.00     0 0.00 0.00 0.00     0 0.007
640  0 38 0.00 0.00 0.00     0 0.00 0.00 0.00     0 0.00 0.00 0.00     0 0.008
640  0 34 0.00 0.00 0.00     0 0.00 0.00 0.00     0 0.00 0.00 0.00     0 0.008
300  0 22 0.00 0.00 0.00     0 0.00 0.00 0.00     0 0.00 0.00 0.00     0 0.002
300  0 24 0.00 0.00 0.00     0 0.00 0.00 0.00     0 0.00 0.00 0.00     0 0.003
300  0 22 0.00 0.00 0.00     0 0.00 0.00 0.00     0 0.00 0.00 0.00     0 0.003
300  0 20 0.00 0.00 0.00     0 0.00 0.00 0.00     0 0.00 0.00 0.00     0 0.003
300  0 17 0.00 0.00 0.00     0 0.00 0.00 0.00     0 0.00 0.00 0.00     0 0.003
300  0 12 0.00 0.00 0.00     0 0.00 0.00 0.00     0 0.00 0.00 0.00     0 0.003
300  0 12 0.00 0.00 0.00     0 0.00 0.00 0.00     0 0.00 0.00 0.00     0 0.003
300  0 40 0.00 0.00 0.00     0 0.00 0.00 0.00     0 0.00 0.00 0.00     0 0.044
300  0 36 0.00 0.00 0.00     0 0.00 0.00 0.00     0 0.00 0.00 0.00     0 0.050
300  0 34 0.00 0.00 0.00     0 0.00 0.00 0.00     0 0.00 0.00 0.00     0 0.051
300  0 31 0.00 0.00 0.00     0 0.00 0.00 0.00     0 0.00 0.00 0.00     0 0.027
300  0 30 0.00 0.00 0.00     0 0.00 0.00 0.00     0 0.00 0.00 0.00     0 0.033
300  0 28 0.00 0.00 0.00     0 0.00 0.00 0.00     0 0.00 0.00 0.00     0 0.034
300  0 27 0.00 0.00 0.00     0 0.00 0.00 0.00     0 0.00 0.00 0.00     0 0.021
100  0 38 0.00 0.00 0.00     0 0.00 0.00 0.00     0 0.00 0.00 0.00     0 0.002
100  0 33 0.00 0.00 0.00     0 0.00 0.00 0.00     0 0.00 0.00 0.00     0 0.003
100  0 29 0.00 0.00 0.00     0 0.00 0.00 0.00     0 0.00 0.00 0.00     0 0.003
100  0 30 0.00 0.00 0.00     0 0.00 0.00 0.00     0 0.00 0.00 0.00     0 0.003
100  0 21 0.00 0.00 0.00     0 0.00 0.00 0.00     0 0.00 0.00 0.00     0 0.003
100  0 18 0.00 0.00 0.00     0 0.00 0.00 0.00     0 0.00 0.00 0.00     0 0.003
100  0 13 0.00 0.00 0.00     0 0.00 0.00 0.00     0 0.00 0.00 0.00     0 0.003
1007  0 28 0.00 0.00 0.00     0 0.00 0.00 0.00     0 0.00 0.00 0.00     0 0.002
1007  0 25 0.00 0.00 0.00     0 0.00 0.00 0.00     0 0.00 0.00 0.00     0 0.002
1007  0 22 0.00 0.00 0.00     0 0.00 0.00 0.00     0 0.00 0.00 0.00     0 0.002
1007  0 20 0.00 0.00 0.00     0 0.00 0.00 0.00     0 0.00 0.00 0.00     0 0.003
1007  0 12 0.00 0.00 0.00     0 0.00 0.00 0.00     0 0.00 0.00 0.00     0 0.003
1007  0 12 0.00 0.00 0.00     0 0.00 0.00 0.00     0 0.00 0.00 0.00     0 0.003
1007  0 12 0.00 0.00 0.00     0 0.00 0.00 0.00     0 0.00 0.00 0.00     0 0.003
1011  0 48 0.00 0.00 0.00     0 0.00 0.00 0.00     0 0.00 0.00 0.00     0 0.054
1011  0 40 0.00 0.00 0.00     0 0.00 0.00 0.00     0 0.00 0.00 0.00     0 0.057
1011  0 38 0.00 0.00 0.00     0 0.00 0.00 0.00     0 0.00 0.00 0.00     0 0.058
1011  0 41 0.00 0.00 0.00     0 0.00 0.00 0.00     0 0.00 0.00 0.00     0 0.052
1011  0 38 0.00 0.00 0.00     0 0.00 0.00 0.00     0 0.00 0.00 0.00     0 0.057
1011  0 35 0.00 0.00 0.00     0 0.00 0.00 0.00     0 0.00 0.00 0.00     0 0.060
1011  0 32 0.00 0.00 0.00     0 0.00 0.00 0.00     0 0.00 0.00 0.00     0 0.023
600  0 35 0.00 0.00 0.00     0 0.00 0.00 0.00     0 0.00 0.00 0.00     0 0.050
600  0 32 0.00 0.00 0.00     0 0.00 0.00 0.00     0 0.00 0.00 0.00     0 0.055
600  0 31 0.00 0.00 0.00     0 0.00 0.00 0.00     0 0.00 0.00 0.00     0 0.057
600  0 28 0.00 0.00 0.00     0 0.00 0.00 0.00     0 0.00 0.00 0.00     0 0.046
600  0 28 0.00 0.00 0.00     0 0.00 0.00 0.00     0 0.00 0.00 0.00     0 0.052
600  0 26 0.00 0.00 0.00     0 0.00 0.00 0.00     0 0.00 0.00 0.00     0 0.055
600  0 25 0.00 0.00 0.00     0 0.00 0.00 0.00     0 0.00 0.00 0.00     0 0.019
640  0 36 0.00 0.00 0.00     0 0.00 0.00 0.00     0 0.00 0.00 0.00     0 0.012
640  0 32 0.00 0.00 0.00     0 0.00 0.00 0.00     0 0.00 0.00 0.00     0 0.014
640  0 29 0.00 0.00 0.00     0 0.00 0.00 0.00     0 0.00 0.00 0.00     0 0.015
640  0 26 0.00 0.00 0.00     0 0.00 0.00 0.00     0 0.00 0.00 0.00     0 0.010
640  0 25 0.00 0.00 0.00     0 0.00 0.00 0.00     0 0.00 0.00 0.00     0 0.012
640  0 22 0.00 0.00 0.00     0 0.00 0.00 0.00     0 0.00 0.00 0.00     0 0.013
640  0 20 0.00 0.00 0.00     0 0.00 0.00 0.00     0 0.00 0.00 0.00     0 0.011
300  0 30 0.00 0.00 0.00     0 0.00 0.00 0.00     0 0.00 0.00 0.00     0 0.002
300  0 27 0.00 0.00 0.00     0 0.00 0.00 0.00     0 0.00 0.00 0.00     0 0.003
300  0 28 0.00 0.00 0.00     0 0.00 0.00 0.00     0 0.00 0.00 0.00     0 0.003
300  0 22 0.00 0.00 0.00     0 0.00 0.00 0.00     0 0.00 0.00 0.00     0 0.003
300  0 18 0.00 0.00 0.00     0 0.00 0.00 0.00     0 0.00 0.00 0.00     0 0.003
300  0 12 0.00 0.00 0.00     0 0.00 0.00 0.00     0 0.00 0.00 0.00     0 0.003
300  0 12 0.00 0.00 0.00     0 0.00 0.00 0.00     0 0.00 0.00 0.00     0 0.003
300  0 24 0.00 0.00 0.00     0 0.00 0.00 0.00     0 0.00 0.00 0.00     0 0.002
937  0 26 0.00 0.00 0.00     0 0.00 0.00 0.00     0 0.00 0.00 0.00     0 0.006
300  0 12 0.00 0.00 0.00     0 0.00 0.00 0.00     0 0.00 0.00 0.00     0 0.002
732  0 41 0.00 0.00 0.00     0 0.00 0.00 0.00     0 0.00 0.00 0.00     0 0.014
900  0 51 0.00 0.00 0.00     0 0.00 0.00 0.00     0 0.00 0.00 0.00     0 0.016
687  0 33 0.00 0.00 0.00     0 0.00 0.00 0.00     0 0.00 0.00 0.00     0 0.006
300  0 30 0.00 0.00 0.00     0 0.00 0.00 0.00     0 0.00 0.00 0.00     0 0.003
600  0 45 0.00 0.00 0.00     0 0.00 0.00 0.00     0 0.00 0.00 0.00     0 0.004
640  0 51 0.00 0.00 0.00     0 0.00 0.00 0.00     0 0.00 0.00 0.00     0 0.005
300  0 22 0.00 0.00 0.00     0 0.00 0.00 0.00     0 0.00 0.00 0.00     0 0.002
716  0 32 0.00 0.00 0.00     0 0.00 0.00 0.00     0 0.00 0.00 0.00     0 0.004
300  0 40 0.00 0.00 0.00     0 0.00 0.00 0.00     0 0.00 0.00 0.00     0 0.015
100  0 38 0.00 0.00 0.00     0 0.00 0.00 0.00     0 0.00 0.00 0.00     0 0.002
300  0 30 0.00 0.00 0.00     0 0.00 0.00 0.00     0 0.00 0.00 0.00     0 0.002
400  0 33 0.00 0.00 0.00     0 0.00 0.00 0.00     0 0.00 0.00 0.00     0 0.005
1007  0 28 0.00 0.00 0.00     0 0.00 0.00 0.00     0 0.00 0.00 0.00     0 0.002
1011  0 48 0.00 0.00 0.00     0 0.00 0.00 0.00     0 0.00 0.00 0.00     0 0.016
600  0 40 0.00 0.00 0.00     0 0.00 0.00 0.00     0 0.00 0.00 0.00     0 0.014
600  0 35 0.00 0.00 0.00     0 0.00 0.00 0.00     0 0.00 0.00 0.00     0 0.014
600  0 35 0.00 0.00 0.00     0 0.00 0.00 0.00     0 0.00 0.00 0.00     0 0.014
640  0 36 0.00 0.00 0.00     0 0.00 0.00 0.00     0 0.00 0.00 0.00     0 0.006
300  0 22 0.00 0.00 0.00     0 0.00 0.00 0.00     0 0.00 0.00 0.00     0 0.002
937  0 22 0.00 0.00 0.00     0 0.00 0.00 0.00     0 0.00 0.00 0.00     0 0.007
300  0 12 0.00 0.00 0.00     0 0.00 0.00 0.00     0 0.00 0.00 0.00     0 0.002
732  0 38 0.00 0.00 0.00     0 0.00 0.00 0.00     0 0.00 0.00 0.00     0 0.015
900  0 45 0.00 0.00 0.00     0 0.00 0.00 0.00     0 0.00 0.00 0.00     0 0.017
687  0 30 0.00 0.00 0.00     0 0.00 0.00 0.00     0 0.00 0.00 0.00     0 0.006
300  0 31 0.00 0.00 0.00     0 0.00 0.00 0.00     0 0.00 0.00 0.00     0 0.003
600  0 41 0.00 0.00 0.00     0 0.00 0.00 0.00     0 0.00 0.00 0.00     0 0.005
640  0 51 0.00 0.00 0.00     0 0.00 0.00 0.00     0 0.00 0.00 0.00     0 0.005
300  0 24 0.00 0.00 0.00     0 0.00 0.00 0.00     0 0.00 0.00 0.00     0 0.002
716  0 30 0.00 0.00 0.00     0 0.00 0.00 0.00     0 0.00 0.00 0.00     0 0.005
300  0 36 0.00 0.00 0.00     0 0.00 0.00 0.00     0 0.00 0.00 0.00     0 0.015
100  0 33 0.00 0.00 0.00     0 0.00 0.00 0.00     0 0.00 0.00 0.00     0 0.002
300  0 27 0.00 0.00 0.00     0 0.00 0.00 0.00     0 0.00 0.00 0.00     0 0.002
400  0 33 0.00 0.00 0.00     0 0.00 0.00 0.00     0 0.00 0.00 0.00     0 0.006
1007  0 25 0.00 0.00 0.00     0 0.00 0.00 0.00     0 0.00 0.00 0.00     0 0.002
1011  0 40 0.00 0.00 0.00     0 0.00 0.00 0.00     0 0.00 0.00 0.00     0 0.017
600  0 36 0.00 0.00 0.00     0 0.00 0.00 0.00     0 0.00 0.00 0.00     0 0.015
600  0 32 0.00 0.00 0.00     0 0.00 0.00 0.00     0 0.00 0.00 0.00     0 0.015
600  0 32 0.00 0.00 0.00     0 0.00 0.00 0.00     0 0.00 0.00 0.00     0 0.015
640  0 32 0.00 0.00 0.00     0 0.00 0.00 0.00     0 0.00 0.00 0.00     0 0.007
300  0 17 0.00 0.00 0.00     0 0.00 0.00 0.00     0 0.00 0.00 0.00     0 0.002
937  0 20 0.00 0.00 0.00     0 0.00 0.00 0.00     0 0.00 0.00 0.00     0 0.007
300  0 12 0.00 0.00 0.00     0 0.00 0.00 0.00     0 0.00 0.00 0.00     0 0.002
732  0 35 0.00 0.00 0.00     0 0.00 0.00 0.00     0 0.00 0.00 0.00     0 0.016
900  0 44 0.00 0.00 0.00     0 0.00 0.00 0.00     0 0.00 0.00 0.00     0 0.018
687  0 27 0.00 0.00 0.00     0 0.00 0.00 0.00     0 0.00 0.00 0.00     0 0.006
300  0 31 0.00 0.00 0.00     0 0.00 0.00 0.00     0 0.00 0.00 0.00     0 0.003
600  0 39 0.00 0.00 0.00     0 0.00 0.00 0.00     0 0.00 0.00 0.00     0 0.005
640  0 49 0.00 0.00 0.00     0 0.00 0.00 0.00     0 0.00 0.00 0.00     0 0.006
300  0 22 0.00 0.00 0.00     0 0.00 0.00 0.00     0 0.00 0.00 0.00     0 0.003
716  0 27 0.00 0.00 0.00     0 0.00 0.00 0.00     0 0.00 0.00 0.00     0 0.005
300  0 34 0.00 0.00 0.00     0 0.00 0.00 0.00     0 0.00 0.00 0.00     0 0.016
100  0 29 0.00 0.00 0.00     0 0.00 0.00 0.00     0 0.00 0.00 0.00     0 0.003
300  0 28 0.00 0.00 0.00     0 0.00 0.00 0.00     0 0.00 0.00 0.00     0 0.003
400  0 32 0.00 0.00 0.00     0 0.00 0.00 0.00     0 0.00 0.00 0.00     0 0.006
1007  0 22 0.00 0.00 0.00     0 0.00 0.00 0.00     0 0.00 0.00 0.00     0 0.002
1011  0 38 0.00 0.00 0.00     0 0.00 0.00 0.00     0 0.00 0.00 0.00     0 0.018
600  0 34 0.00 0.00 0.00     0 0.00 0.00 0.00     0 0.00 0.00 0.00     0 0.015
600  0 32 0.00 0.00 0.00     0 0.00 0.00 0.00     0 0.00 0.00 0.00     0 0.015
600  0 31 0.00 0.00 0.00     0 0.00 0.00 0.00     0 0.00 0.00 0.00     0 0.016
640  0 29 0.00 0.00 0.00     0 0.00 0.00 0.00     0 0.00 0.00 0.00     0 0.007
300  0 12 0.00 0.00 0.00     0 0.00 0.00 0.00     0 0.00 0.00 0.00     0 0.002
937  0 20 0.00 0.00 0.00     0 0.00 0.00 0.00     0 0.00 0.00 0.00     0 0.008
300  0 12 0.00 0.00 0.00     0 0.00 0.00 0.00     0 0.00 0.00 0.00     0 0.002
732  0 33 0.00 0.00 0.00     0 0.00 0.00 0.00     0 0.00 0.00 0.00     0 0.017
900  0 42 0.00 0.00 0.00     0 0.00 0.00 0.00     0 0.00 0.00 0.00     0 0.019
687  0 25 0.00 0.00 0.00     0 0.00 0.00 0.00     0 0.00 0.00 0.00     0 0.007
300  0 27 0.00 0.00 0.00     0 0.00 0.00 0.00     0 0.00 0.00 0.00     0 0.004
600  0 34 0.00 0.00 0.00     0 0.00 0.00 0.00     0 0.00 0.00 0.00     0 0.005
640  0 44 0.00 0.00 0.00     0 0.00 0.00 0.00     0 0.00 0.00 0.00     0 0.006
300  0 20 0.00 0.00 0.00     0 0.00 0.00 0.00     0 0.00 0.00 0.00     0 0.003
716  0 25 0.00 0.00 0.00     0 0.00 0.00 0.00     0 0.00 0.00 0.00     0 0.006
300  0 31 0.00 0.00 0.00     0 0.00 0.00 0.00     0 0.00 0.00 0.00     0 0.017
100  0 30 0.00 0.00 0.00     0 0.00 0.00 0.00     0 0.00 0.00 0.00     0 0.003
300  0 22 0.00 0.00 0.00     0 0.00 0.00 0.00     0 0.00 0.00 0.00     0 0.003
400  0 35 0.00 0.00 0.00     0 0.00 0.00 0.00     0 0.00 0.00 0.00     0 0.007
1007  0 20 0.00 0.00 0.00     0 0.00 0.00 0.00     0 0.00 0.00 0.00     0 0.002
1011  0 41 0.00 0.00 0.00     0 0.00 0.00 0.00     0 0.00 0.00 0.00     0 0.019
600  0 32 0.00 0.00 0.00     0 0.00 0.00 0.00     0 0.00 0.00 0.00     0 0.016
600  0 28 0.00 0.00 0.00     0 0.00 0.00 0.00     0 0.00 0.00 0.00     0 0.016
600  0 28 0.00 0.00 0.00     0 0.00 0.00 0.00     0 0.00 0.00 0.00     0 0.016
640  0 26 0.00 0.00 0.00     0 0.00 0.00 0.00     0 0.00 0.00 0.00     0 0.008
300  0 12 0.00 0.00 0.00     0 0.00 0.00 0.00     0 0.00 0.00 0.00     0 0.002
937  0 20 0.00 0.00 0.00     0 0.00 0.00 0.00     0 0.00 0.00 0.00     0 0.008
300  0 12 0.00 0.00 0.00     0 0.00 0.00 0.00     0 0.00 0.00 0.00     0 0.003
732  0 29 0.00 0.00 0.00     0 0.00 0.00 0.00     0 0.00 0.00 0.00     0 0.018
900  0 40 0.00 0.00 0.00     0 0.00 0.00 0.00     0 0.00 0.00 0.00     0 0.020
687  0 23 0.00 0.00 0.00     0 0.00 0.00 0.00     0 0.00 0.00 0.00     0 0.007
300  0 25 0.00 0.00 0.00     0 0.00 0.00 0.00     0 0.00 0.00 0.00     0 0.004
600  0 31 0.00 0.00 0.00     0 0.00 0.00 0.00     0 0.00 0.00 0.00     0 0.006
640  0 41 0.00 0.00 0.00     0 0.00 0.00 0.00     0 0.00 0.00 0.00     0 0.007
300  0 17 0.00 0.00 0.00     0 0.00 0.00 0.00     0 0.00 0.00 0.00     0 0.003
716  0 23 0.00 0.00 0.00     0 0.00 0.00 0.00     0 0.00 0.00 0.00     0 0.006
300  0 30 0.00 0.00 0.00     0 0.00 0.00 0.00     0 0.00 0.00 0.00     0 0.018
100  0 21 0.00 0.00 0.00     0 0.00 0.00 0.00     0 0.00 0.00 0.00     0 0.003
300  0 18 0.00 0.00 0.00     0 0.00 0.00 0.00     0 0.00 0.00 0.00     0 0.003
400  0 32 0.00 0.00 0.00     0 0.00 0.00 0.00     0 0.00 0.00 0.00     0 0.008
1007  0 12 0.00 0.00 0.00     0 0.00 0.00 0.00     0 0.00 0.00 0.00     0 0.003
1011  0 38 0.00 0.00 0.00     0 0.00 0.00 0.00     0 0.00 0.00 0.00     0 0.020
600  0 30 0.00 0.00 0.00     0 0.00 0.00 0.00     0 0.00 0.00 0.00     0 0.017
600  0 27 0.00 0.00 0.00     0 0.00 0.00 0.00     0 0.00 0.00 0.00     0 0.017
600  0 28 0.00 0.00 0.00     0 0.00 0.00 0.00     0 0.00 0.00 0.00     0 0.017
640  0 25 0.00 0.00 0.00     0 0.00 0.00 0.00     0 0.00 0.00 0.00     0 0.009
300  0 12 0.00 0.00 0.00     0 0.00 0.00 0.00     0 0.00 0.00 0.00     0 0.002
937  0 18 0.00 0.00 0.00     0 0.00 0.00 0.00     0 0.00 0.00 0.00     0 0.009
300  0 12 0.00 0.00 0.00     0 0.00 0.00 0.00     0 0.00 0.00 0.00     0 0.003
732  0 26 0.00 0.00 0.00     0 0.00 0.00 0.00     0 0.00 0.00 0.00     0 0.019
900  0 37 0.00 0.00 0.00     0 0.00 0.00 0.00     0 0.00 0.00 0.00     0 0.022
687  0 20 0.00 0.00 0.00     0 0.00 0.00 0.00     0 0.00 0.00 0.00     0 0.008
300  0 23 0.00 0.00 0.00     0 0.00 0.00 0.00     0 0.00 0.00 0.00     0 0.005
600  0 29 0.00 0.00 0.00     0 0.00 0.00 0.00     0 0.00 0.00 0.00     0 0.006
640  0 38 0.00 0.00 0.00     0 0.00 0.00 0.00     0 0.00 0.00 0.00     0 0.007
300  0 12 0.00 0.00 0.00     0 0.00 0.00 0.00     0 0.00 0.00 0.00     0 0.003
716  0 21 0.00 0.00 0.00     0 0.00 0.00 0.00     0 0.00 0.00 0.00     0 0.007
300  0 28 0.00 0.00 0.00     0 0.00 0.00 0.00     0 0.00 0.00 0.00     0 0.019
100  0 18 0.00 0.00 0.00     0 0.00 0.00 0.00     0 0.00 0.00 0.00     0 0.003
300  0 12 0.00 0.00 0.00     0 0.00 0.00 0.00     0 0.00 0.00 0.00     0 0.003
400  0 29 0.00 0.00 0.00     0 0.00 0.00 0.00     0 0.00 0.00 0.00     0 0.008
1007  0 12 0.00 0.00 0.00     0 0.00 0.00 0.00     0 0.00 0.00 0.00     0 0.003
1011  0 35 0.00 0.00 0.00     0 0.00 0.00 0.00     0 0.00 0.00 0.00     0 0.021
600  0 24 0.00 0.00 0.00     0 0.00 0.00 0.00     0 0.00 0.00 0.00     0 0.018
600  0 26 0.00 0.00 0.00     0 0.00 0.00 0.00     0 0.00 0.00 0.00     0 0.018
600  0 26 0.00 0.00 0.00     0 0.00 0.00 0.00     0 0.00 0.00 0.00     0 0.018
640  0 22 0.00 0.00 0.00     0 0.00 0.00 0.00     0 0.00 0.00 0.00     0 0.010
300  0 12 0.00 0.00 0.00     0 0.00 0.00 0.00     0 0.00 0.00 0.00     0 0.002
937  0 18 0.00 0.00 0.00     0 0.00 0.00 0.00     0 0.00 0.00 0.00     0 0.010
300  0 12 0.00 0.00 0.00     0 0.00 0.00 0.00     0 0.00 0.00 0.00     0 0.003
732  0 25 0.00 0.00 0.00     0 0.00 0.00 0.00     0 0.00 0.00 0.00     0 0.020
900  0 36 0.00 0.00 0.00     0 0.00 0.00 0.00     0 0.00 0.00 0.00     0 0.023
687  0 19 0.00 0.00 0.00     0 0.00 0.00 0.00     0 0.00 0.00 0.00     0 0.008
300  0 21 0.00 0.00 0.00     0 0.00 0.00 0.00     0 0.00 0.00 0.00     0 0.005
600  0 26 0.00 0.00 0.00     0 0.00 0.00 0.00     0 0.00 0.00 0.00     0 0.006
640  0 34 0.00 0.00 0.00     0 0.00 0.00 0.00     0 0.00 0.00 0.00     0 0.008
300  0 12 0.00 0.00 0.00     0 0.00 0.00 0.00     0 0.00 0.00 0.00     0 0.003
716  0 19 0.00 0.00 0.00     0 0.00 0.00 0.00     0 0.00 0.00 0.00     0 0.008
300  0 27 0.00 0.00 0.00     0 0.00 0.00 0.00     0 0.00 0.00 0.00     0 0.021
100  0 13 0.00 0.00 0.00     0 0.00 0.00 0.00     0 0.00 0.00 0.00     0 0.003
300  0 12 0.00 0.00 0.00     0 0.00 0.00 0.00     0 0.00 0.00 0.00     0 0.003
400  0 26 0.00 0.00 0.00     0 0.00 0.00 0.00     0 0.00 0.00 0.00     0 0.009
1007  0 12 0.00 0.00 0.00     0 0.00 0.00 0.00     0 0.00 0.00 0.00     0 0.003
1011  0 32 0.00 0.00 0.00     0 0.00 0.00 0.00     0 0.00 0.00 0.00     0 0.023
600  0 24 0.00 0.00 0.00     0 0.00 0.00 0.00     0 0.00 0.00 0.00     0 0.019
600  0 24 0.00 0.00 0.00     0 0.00 0.00 0.00     0 0.00 0.00 0.00     0 0.019
600  0 25 0.00 0.00 0.00     0 0.00 0.00 0.00     0 0.00 0.00 0.00     0 0.019
640  0 20 0.00 0.00 0.00     0 0.00 0.00 0.00     0 0.00 0.00 0.00     0 0.011
600  0 35 0.00 0.00 0.00     0 0.00 0.00 0.00     0 0.00 0.00 0.00     0 0.015
600  0 32 0.00 0.00 0.00     0 0.00 0.00 0.00     0 0.00 0.00 0.00     0 0.015
600  0 31 0.00 0.00 0.00     0 0.00 0.00 0.00     0 0.00 0.00 0.00     0 0.015
600  0 28 0.00 0.00 0.00     0 0.00 0.00 0.00     0 0.00 0.00 0.00     0 0.016
600  0 28 0.00 0.00 0.00     0 0.00 0.00 0.00     0 0.00 0.00 0.00     0 0.017
600  0 26 0.00 0.00 0.00     0 0.00 0.00 0.00     0 0.00 0.00 0.00     0 0.018
600  0 25 0.00 0.00 0.00     0 0.00 0.00 0.00     0 0.00 0.00 0.00     0 0.019
600  0 28 0.00 0.00 0.00     0 0.00 0.00 0.00     0 0.00 0.00 0.00     0 0.017
600  0 28 0.00 0.00 0.00     0 0.00 0.00 0.00     0 0.00 0.00 0.00     0 0.017
600  0 26 0.00 0.00 0.00     0 0.00 0.00 0.00     0 0.00 0.00 0.00     0 0.018
600  0 25 0.00 0.00 0.00     0 0.00 0.00 0.00     0 0.00 0.00 0.00     0 0.019
